[gd_scene load_steps=15 format=3 uid="uid://bdwmserhqai5h"]

[ext_resource type="PackedScene" uid="uid://the6y7swe6j0" path="res://addons/godot-xr-tools/hands/animations/left/AnimationPlayer.tscn" id="1"]
[ext_resource type="PackedScene" uid="uid://c4nba0qpi0uls" path="res://addons/godot-xr-tools/hands/model/Hand_Nails_low_L.gltf" id="2"]
[ext_resource type="Script" path="res://addons/godot-xr-tools/hands/physics_hand.gd" id="3"]
[ext_resource type="Resource" uid="uid://dertgu7k8alls" path="res://addons/godot-xr-tools/hands/poses/pose_default_left.tres" id="3_t17lq"]
[ext_resource type="Script" path="res://addons/godot-xr-tools/hands/hand_physics_bone.gd" id="4"]
[ext_resource type="PackedScene" uid="uid://4bdmtajhr1ek" path="res://Assets/Models/hand.fbx" id="4_2batv"]
[ext_resource type="Material" uid="uid://dy6nhifvvmm73" path="res://addons/godot-xr-tools/hands/materials/caucasian_hand.tres" id="5"]
[ext_resource type="AnimationNodeBlendTree" uid="uid://dl8yf7ipqotd1" path="res://addons/godot-xr-tools/hands/animations/left/hand_blend_tree.tres" id="7"]

[sub_resource type="AnimationNodeAnimation" id="AnimationNodeAnimation_lnon3"]
animation = &"Grip"

[sub_resource type="AnimationNodeAnimation" id="AnimationNodeAnimation_wt7n6"]
animation = &"Grip"

[sub_resource type="AnimationNodeBlend2" id="AnimationNodeBlend2_2qssb"]
filter_enabled = true
filters = ["Armature/Skeleton3D:Little_Distal_L", "Armature/Skeleton3D:Little_Intermediate_L", "Armature/Skeleton3D:Little_Metacarpal_L", "Armature/Skeleton3D:Little_Proximal_L", "Armature/Skeleton3D:Middle_Distal_L", "Armature/Skeleton3D:Middle_Intermediate_L", "Armature/Skeleton3D:Middle_Metacarpal_L", "Armature/Skeleton3D:Middle_Proximal_L", "Armature/Skeleton3D:Ring_Distal_L", "Armature/Skeleton3D:Ring_Intermediate_L", "Armature/Skeleton3D:Ring_Metacarpal_L", "Armature/Skeleton3D:Ring_Proximal_L", "Armature/Skeleton3D:Thumb_Distal_L", "Armature/Skeleton3D:Thumb_Metacarpal_L", "Armature/Skeleton3D:Thumb_Proximal_L", "Armature/Skeleton:Little_Distal_L", "Armature/Skeleton:Little_Intermediate_L", "Armature/Skeleton:Little_Proximal_L", "Armature/Skeleton:Middle_Distal_L", "Armature/Skeleton:Middle_Intermediate_L", "Armature/Skeleton:Middle_Proximal_L", "Armature/Skeleton:Ring_Distal_L", "Armature/Skeleton:Ring_Intermediate_L", "Armature/Skeleton:Ring_Proximal_L", "Armature/Skeleton:Thumb_Distal_L", "Armature/Skeleton:Thumb_Proximal_L"]

[sub_resource type="AnimationNodeAnimation" id="AnimationNodeAnimation_qi13c"]
animation = &"Grip 5"

[sub_resource type="AnimationNodeBlend2" id="AnimationNodeBlend2_ethry"]
filter_enabled = true
filters = ["Armature/Skeleton3D:Index_Distal_L", "Armature/Skeleton3D:Index_Intermediate_L", "Armature/Skeleton3D:Index_Metacarpal_L", "Armature/Skeleton3D:Index_Proximal_L", "Armature/Skeleton:Index_Distal_L", "Armature/Skeleton:Index_Intermediate_L", "Armature/Skeleton:Index_Proximal_L"]

[sub_resource type="AnimationNodeBlendTree" id="AnimationNodeBlendTree_u2148"]
graph_offset = Vector2(-536, 11)
nodes/ClosedHand1/node = SubResource("AnimationNodeAnimation_lnon3")
nodes/ClosedHand1/position = Vector2(-600, 300)
nodes/ClosedHand2/node = SubResource("AnimationNodeAnimation_wt7n6")
nodes/ClosedHand2/position = Vector2(-360, 300)
nodes/Grip/node = SubResource("AnimationNodeBlend2_2qssb")
nodes/Grip/position = Vector2(0, 20)
nodes/OpenHand/node = SubResource("AnimationNodeAnimation_qi13c")
nodes/OpenHand/position = Vector2(-600, 100)
nodes/Trigger/node = SubResource("AnimationNodeBlend2_ethry")
nodes/Trigger/position = Vector2(-360, 20)
node_connections = [&"Grip", 0, &"Trigger", &"Grip", 1, &"ClosedHand2", &"Trigger", 0, &"OpenHand", &"Trigger", 1, &"ClosedHand1", &"output", 0, &"Grip"]

[node name="LeftPhysicsHand" type="Node3D"]
script = ExtResource("3")
bone_group = "LeftHand"
hand_blend_tree = ExtResource("7")
default_pose = ExtResource("3_t17lq")

[node name="Robot hands" parent="." instance=ExtResource("4_2batv")]
transform = Transform3D(1, 0, 0, 0, 1, 0, 0, 0, 1, -0.027, -0.051, 0.145)

[node name="Skeleton3D" parent="Robot hands/RootNode/Armature" index="0"]
bones/0/rotation = Quaternion(0.000833869, -4.60077e-13, 9.15385e-06, 1)
bones/1/rotation = Quaternion(0.323537, -2.56747e-05, -0.0272204, 0.945824)
bones/2/rotation = Quaternion(-0.0904441, -0.0415175, -0.166293, 0.981042)
bones/3/rotation = Quaternion(-0.0466199, 0.020971, 0.0103276, 0.998639)
bones/3/scale = Vector3(1, 1, 1)
bones/4/rotation = Quaternion(0.0858044, 0.0194617, -0.142216, 0.985918)
bones/4/scale = Vector3(1, 1, 1)
bones/6/rotation = Quaternion(-0.00128455, -0.0116081, -0.0168259, 0.99979)
bones/7/rotation = Quaternion(0.102925, -0.00993208, -0.00794418, 0.994608)
bones/8/rotation = Quaternion(-0.012859, -0.0236108, -0.323258, 0.945929)
bones/8/scale = Vector3(1, 1, 1)
bones/9/rotation = Quaternion(0.0120575, -0.00929194, -0.247472, 0.968775)
bones/9/scale = Vector3(1, 1, 1)
bones/10/rotation = Quaternion(-0.0072535, -0.00158136, -0.0880507, 0.996088)
bones/12/rotation = Quaternion(-0.0357539, -0.000400033, 0.00636764, 0.99934)
bones/12/scale = Vector3(1, 1, 1)
bones/13/rotation = Quaternion(-0.00264964, -0.00114471, -0.125992, 0.992027)
bones/13/scale = Vector3(1, 1, 1)
bones/14/rotation = Quaternion(0.0394225, 0.00193392, -0.228074, 0.972843)
bones/15/rotation = Quaternion(-0.0123395, -0.00881294, -0.280669, 0.959685)
bones/16/rotation = Quaternion(0.0291183, -0.00405758, -0.127043, 0.991461)
bones/16/scale = Vector3(1, 1, 1)
bones/18/rotation = Quaternion(-0.0702656, 0.0101908, -0.0243307, 0.99718)
bones/19/rotation = Quaternion(-0.0320635, -0.00223625, -0.0686366, 0.997124)
bones/20/rotation = Quaternion(0.0253452, 0.00812462, -0.249005, 0.968136)
bones/20/scale = Vector3(1, 1, 1)
bones/21/rotation = Quaternion(0.00252232, 0.00788073, -0.243204, 0.96994)
bones/21/scale = Vector3(1, 1, 1)
bones/22/rotation = Quaternion(0.0221284, -0.00910836, -0.119091, 0.992595)
bones/22/scale = Vector3(1, 1, 1)
bones/24/rotation = Quaternion(-0.0917369, 0.0203027, -0.010183, 0.995524)
bones/25/rotation = Quaternion(-0.0625182, -0.000225721, -0.115393, 0.991351)
bones/26/rotation = Quaternion(0.0585786, 0.0216483, -0.269905, 0.96086)
bones/26/scale = Vector3(1, 1, 1)
bones/27/rotation = Quaternion(0.00687177, -0.00357275, -0.211953, 0.977249)
bones/27/scale = Vector3(1, 1, 1)
bones/28/rotation = Quaternion(0.059822, -0.0162451, -0.0184724, 0.997906)
bones/30/rotation = Quaternion(0.706524, -6.48886e-06, -8.69083e-06, 0.707689)
bones/30/scale = Vector3(1, 1, 1)

[node name="AnimationPlayer" parent="Robot hands/RootNode" index="1" instance=ExtResource("1")]

[node name="Hand_Nails_low_L" parent="." instance=ExtResource("2")]
transform = Transform3D(1, 0, 0, 0, 1, 0, 0, 0, 1, -0.03, -0.05, 0.15)
visible = false

[node name="Skeleton3D" parent="Hand_Nails_low_L/Armature" index="0"]
bones/0/rotation = Quaternion(-0.706517, 6.47275e-06, 6.47275e-06, 0.707696)
bones/0/scale = Vector3(1, 1, 1)
bones/1/rotation = Quaternion(0.323537, -2.56577e-05, -0.0272204, 0.945824)
bones/2/rotation = Quaternion(-0.0904441, -0.0415175, -0.166293, 0.981042)
bones/3/rotation = Quaternion(-0.0466199, 0.020971, 0.0103276, 0.998639)
bones/4/rotation = Quaternion(-0.0757687, -0.019257, -0.0337124, 0.996369)
bones/4/scale = Vector3(1, 1, 1)
bones/5/rotation = Quaternion(-0.00128455, -0.0116081, -0.0168259, 0.99979)
bones/5/scale = Vector3(1, 1, 1)
bones/6/rotation = Quaternion(0.102925, -0.00993208, -0.00794417, 0.994608)
bones/7/rotation = Quaternion(-0.012859, -0.0236108, -0.323258, 0.945929)
bones/7/scale = Vector3(1, 1, 1)
bones/8/rotation = Quaternion(0.0120575, -0.00929194, -0.247472, 0.968775)
bones/9/rotation = Quaternion(-0.0522884, -0.000557213, 0.103621, 0.993241)
bones/10/rotation = Quaternion(-0.0357539, -0.000400032, 0.00636764, 0.99934)
bones/11/rotation = Quaternion(-0.00264964, -0.00114471, -0.125992, 0.992027)
bones/12/rotation = Quaternion(0.0394225, 0.00193393, -0.228074, 0.972843)
bones/13/rotation = Quaternion(-0.0123395, -0.00881294, -0.280669, 0.959685)
bones/14/rotation = Quaternion(0.0136882, 7.99237e-05, 0.168411, 0.985622)
bones/14/scale = Vector3(1, 1, 1)
bones/15/rotation = Quaternion(-0.0702656, 0.0101908, -0.0243307, 0.99718)
bones/16/rotation = Quaternion(-0.0320634, -0.00223624, -0.0686366, 0.997124)
bones/16/scale = Vector3(1, 1, 1)
bones/17/rotation = Quaternion(0.0253452, 0.00812462, -0.249005, 0.968136)
bones/17/scale = Vector3(1, 1, 1)
bones/18/rotation = Quaternion(0.00252232, 0.00788073, -0.243204, 0.96994)
bones/18/scale = Vector3(1, 1, 1)
bones/19/rotation = Quaternion(0.0330517, -0.00671975, 0.126351, 0.991412)
bones/19/scale = Vector3(1, 1, 1)
bones/20/rotation = Quaternion(-0.0917369, 0.0203027, -0.010183, 0.995524)
bones/20/scale = Vector3(1, 1, 1)
bones/21/rotation = Quaternion(-0.0625182, -0.00022572, -0.115393, 0.991351)
bones/21/scale = Vector3(1, 1, 1)
bones/22/rotation = Quaternion(0.0585786, 0.0216483, -0.269905, 0.96086)
bones/23/rotation = Quaternion(0.00687177, -0.00357275, -0.211953, 0.977249)
bones/23/scale = Vector3(1, 1, 1)
bones/24/rotation = Quaternion(0.0158363, -0.0193397, 0.153777, 0.987789)

[node name="mesh_Hand_Nails_low_L" parent="Hand_Nails_low_L/Armature/Skeleton3D" index="0"]
surface_material_override/0 = ExtResource("5")

[node name="BoneRoot" type="BoneAttachment3D" parent="Hand_Nails_low_L/Armature/Skeleton3D" index="1"]
transform = Transform3D(1, -1.83077e-05, 1.52631e-08, 1.52631e-08, 0.00166744, 0.999999, -1.83077e-05, -0.999999, 0.00166744, 3.86425e-08, -1.86975e-05, 0.0271756)
bone_name = "Wrist_L"
bone_idx = 0
script = ExtResource("4")
width_ratio = 0.8

[node name="BoneThumbMetacarpal" type="BoneAttachment3D" parent="Hand_Nails_low_L/Armature/Skeleton3D" index="2"]
transform = Transform3D(0.998519, 0.0514604, -0.0176509, -0.0176509, 0.613334, 0.789626, 0.0514604, -0.788145, 0.613334, 0.00999954, 0.0200266, 3.59248e-05)
bone_name = "Thumb_Metacarpal_L"
bone_idx = 1
script = ExtResource("4")
length = 0.05

[node name="BoneThumbProximal" type="BoneAttachment3D" parent="Hand_Nails_low_L/Armature/Skeleton3D" index="3"]
transform = Transform3D(0.921479, 0.383957, -0.0587629, -0.124051, 0.434264, 0.892203, 0.368086, -0.814857, 0.447795, 0.012311, 0.0475754, -0.0353648)
bone_name = "Thumb_Proximal_L"
bone_idx = 2
script = ExtResource("4")

[node name="BoneThumbDistal" type="BoneAttachment3D" parent="Hand_Nails_low_L/Armature/Skeleton3D" index="4"]
transform = Transform3D(0.930159, 0.366843, 0.0151707, -0.154036, 0.352396, 0.923087, 0.333282, -0.860955, 0.384291, 0.0284939, 0.0658787, -0.0697093)
bone_name = "Thumb_Distal_L"
bone_idx = 3
script = ExtResource("4")
length = 0.02

[node name="BoneIndexMetacarpal" type="BoneAttachment3D" parent="Hand_Nails_low_L/Armature/Skeleton3D" index="5"]
transform = Transform3D(0.999165, 0.0336563, -0.0231681, 0.0231985, -0.000511434, 0.999731, 0.0336354, -0.999433, -0.00129178, -0.0100005, 0.0224317, 3.59192e-05)
bone_name = "Index_Metacarpal_L"
bone_idx = 5
script = ExtResource("4")
length = 0.08
width_ratio = 0.2

[node name="BoneIndexProximal" type="BoneAttachment3D" parent="Hand_Nails_low_L/Armature/Skeleton3D" index="6"]
transform = Transform3D(0.997821, 0.0419385, -0.0509327, 0.041317, 0.204661, 0.97796, 0.0514381, -0.977934, 0.202483, -0.00729559, 0.0223906, -0.0802861)
bone_name = "Index_Proximal_L"
bone_idx = 6
script = ExtResource("4")

[node name="BoneIndexMiddle" type="BoneAttachment3D" parent="Hand_Nails_low_L/Armature/Skeleton3D" index="7"]
transform = Transform3D(0.759852, 0.644453, -0.0854741, -0.0405878, 0.178251, 0.983148, 0.648828, -0.743577, 0.161601, -0.00569704, 0.0301916, -0.117561)
bone_name = "Index_Intermediate_L"
bone_idx = 7
script = ExtResource("4")
length = 0.025
bone_group = "IndexFinger"

[node name="BoneIndexDistal" type="BoneAttachment3D" parent="Hand_Nails_low_L/Armature/Skeleton3D" index="8"]
transform = Transform3D(0.356468, 0.927111, -0.115741, -0.109286, 0.164404, 0.98032, 0.927894, -0.336804, 0.159925, 0.0145038, 0.035779, -0.140869)
bone_name = "Index_Distal_L"
bone_idx = 8
script = ExtResource("4")
length = 0.02
bone_group = "IndexFinger"

[node name="BoneMiddleMetacarpal" type="BoneAttachment3D" parent="Hand_Nails_low_L/Armature/Skeleton3D" index="9"]
transform = Transform3D(0.999918, -0.0127165, -0.00125617, 0.000365484, -0.0698026, 0.997561, -0.0127732, -0.99748, -0.0697922, -0.0100005, 0.00355415, 3.59267e-05)
bone_name = "Middle_Metacarpal_L"
bone_idx = 10
script = ExtResource("4")
length = 0.08
width_ratio = 0.2

[node name="BoneMiddleProximal" type="BoneAttachment3D" parent="Hand_Nails_low_L/Armature/Skeleton3D" index="10"]
transform = Transform3D(0.971345, 0.237654, -0.00293003, 0.020734, -0.0724506, 0.997156, 0.236766, -0.968644, -0.0753021, -0.0110237, -0.00206239, -0.0802245)
bone_name = "Middle_Proximal_L"
bone_idx = 11
script = ExtResource("4")

[node name="BoneMiddleMiddle" type="BoneAttachment3D" parent="Hand_Nails_low_L/Armature/Skeleton3D" index="11"]
transform = Transform3D(0.764922, 0.643162, -0.0351718, 0.029033, 0.0201222, 0.999376, 0.643468, -0.765466, -0.00328098, -0.000328436, -0.00532291, -0.123817)
bone_name = "Middle_Intermediate_L"
bone_idx = 12
script = ExtResource("4")
length = 0.025

[node name="BoneMiddleDistal" type="BoneAttachment3D" parent="Hand_Nails_low_L/Armature/Skeleton3D" index="12"]
transform = Transform3D(0.297115, 0.954531, -0.0243817, 0.0374457, 0.0138671, 0.999202, 0.954107, -0.297791, -0.031623, 0.0205207, -0.00467062, -0.148631)
bone_name = "Middle_Distal_L"
bone_idx = 13
script = ExtResource("4")
length = 0.02

[node name="BoneRingMetacarpal" type="BoneAttachment3D" parent="Hand_Nails_low_L/Armature/Skeleton3D" index="13"]
transform = Transform3D(0.998609, 0.0470739, 0.0237408, -0.0169881, -0.138981, 0.990149, 0.0499097, -0.989175, -0.137988, -0.0100005, -0.0130734, 3.59323e-05)
bone_name = "Ring_Metacarpal_L"
bone_idx = 15
script = ExtResource("4")
length = 0.07
width_ratio = 0.2

[node name="BoneRingProximal" type="BoneAttachment3D" parent="Hand_Nails_low_L/Armature/Skeleton3D" index="14"]
transform = Transform3D(0.982964, 0.181854, 0.0266581, 0.0109495, -0.202722, 0.979175, 0.183471, -0.962202, -0.20126, -0.00651963, -0.0233503, -0.0731075)
bone_name = "Ring_Proximal_L"
bone_idx = 16
script = ExtResource("4")
length = 0.028

[node name="BoneRingMiddle" type="BoneAttachment3D" parent="Hand_Nails_low_L/Armature/Skeleton3D" index="15"]
transform = Transform3D(0.772579, 0.634602, 0.0200163, 0.0794845, -0.127948, 0.98859, 0.629923, -0.762174, -0.149291, 0.000778387, -0.0314858, -0.111722)
bone_name = "Ring_Intermediate_L"
bone_idx = 17
script = ExtResource("4")
length = 0.025

[node name="BoneRingDistal" type="BoneAttachment3D" parent="Hand_Nails_low_L/Armature/Skeleton3D" index="16"]
transform = Transform3D(0.381388, 0.924068, 0.025339, 0.114105, -0.07426, 0.990689, 0.917346, -0.374946, -0.133762, 0.0184188, -0.0350424, -0.132908)
bone_name = "Ring_Distal_L"
bone_idx = 18
script = ExtResource("4")
length = 0.02

[node name="BonePinkyMetacarpal" type="BoneAttachment3D" parent="Hand_Nails_low_L/Armature/Skeleton3D" index="17"]
transform = Transform3D(0.998969, 0.0165318, 0.0422887, -0.0385953, -0.181427, 0.982647, 0.0239173, -0.983265, -0.180602, -4.58211e-07, -0.0299734, 3.59379e-05)
bone_name = "Little_Metacarpal_L"
bone_idx = 20
script = ExtResource("4")
length = 0.07
width_ratio = 0.18

[node name="BonePinkyProximal" type="BoneAttachment3D" parent="Hand_Nails_low_L/Armature/Skeleton3D" index="18"]
transform = Transform3D(0.969212, 0.239305, 0.0579745, 0.0185537, -0.305761, 0.951927, 0.245527, -0.921544, -0.300787, 0.00108587, -0.0418952, -0.0645756)
bone_name = "Little_Proximal_L"
bone_idx = 21
script = ExtResource("4")
length = 0.02

[node name="BonePinkyMiddle" type="BoneAttachment3D" parent="Hand_Nails_low_L/Armature/Skeleton3D" index="19"]
transform = Transform3D(0.699331, 0.713815, 0.0374603, 0.103947, -0.153408, 0.982681, 0.707199, -0.683325, -0.181482, 0.00901248, -0.0520231, -0.0951004)
bone_name = "Little_Intermediate_L"
bone_idx = 22
script = ExtResource("4")
length = 0.015

[node name="BonePinkyDistal" type="BoneAttachment3D" parent="Hand_Nails_low_L/Armature/Skeleton3D" index="20"]
transform = Transform3D(0.340891, 0.939845, 0.0220292, 0.162163, -0.0818671, 0.983362, 0.926011, -0.331646, -0.180316, 0.0218786, -0.0547882, -0.107417)
bone_name = "Little_Distal_L"
bone_idx = 23
script = ExtResource("4")
length = 0.015

[node name="AnimationPlayer" parent="Hand_Nails_low_L/Armature" index="1" instance=ExtResource("1")]
root_node = NodePath("../..")

[node name="AnimationTree" type="AnimationTree" parent="."]
root_node = NodePath("../Robot hands/RootNode")
tree_root = SubResource("AnimationNodeBlendTree_u2148")
anim_player = NodePath("../Robot hands/RootNode/AnimationPlayer")
parameters/Grip/blend_amount = 0.0
parameters/Trigger/blend_amount = 0.0

[editable path="Robot hands"]
[editable path="Hand_Nails_low_L"]
