[gd_scene load_steps=15 format=3 uid="uid://bdwmserhqai5h"]

[ext_resource type="PackedScene" uid="uid://the6y7swe6j0" path="res://addons/godot-xr-tools/hands/animations/left/AnimationPlayer.tscn" id="1"]
[ext_resource type="PackedScene" uid="uid://c4nba0qpi0uls" path="res://addons/godot-xr-tools/hands/model/Hand_Nails_low_L.gltf" id="2"]
[ext_resource type="Script" path="res://addons/godot-xr-tools/hands/physics_hand.gd" id="3"]
[ext_resource type="Resource" uid="uid://dertgu7k8alls" path="res://addons/godot-xr-tools/hands/poses/pose_default_left.tres" id="3_t17lq"]
[ext_resource type="Script" path="res://addons/godot-xr-tools/hands/hand_physics_bone.gd" id="4"]
[ext_resource type="PackedScene" uid="uid://4bdmtajhr1ek" path="res://Assets/Models/hand.fbx" id="4_2batv"]
[ext_resource type="Material" uid="uid://dy6nhifvvmm73" path="res://addons/godot-xr-tools/hands/materials/caucasian_hand.tres" id="5"]
[ext_resource type="AnimationNodeBlendTree" uid="uid://dl8yf7ipqotd1" path="res://addons/godot-xr-tools/hands/animations/left/hand_blend_tree.tres" id="7"]

[sub_resource type="AnimationNodeAnimation" id="AnimationNodeAnimation_fdkk6"]
animation = &"Cup"

[sub_resource type="AnimationNodeAnimation" id="AnimationNodeAnimation_dm3ji"]
animation = &"Cup"

[sub_resource type="AnimationNodeBlend2" id="AnimationNodeBlend2_76pmw"]
filter_enabled = true
filters = ["Armature/Skeleton3D:Little_Distal_L", "Armature/Skeleton3D:Little_Intermediate_L", "Armature/Skeleton3D:Little_Metacarpal_L", "Armature/Skeleton3D:Little_Proximal_L", "Armature/Skeleton3D:Middle_Distal_L", "Armature/Skeleton3D:Middle_Intermediate_L", "Armature/Skeleton3D:Middle_Metacarpal_L", "Armature/Skeleton3D:Middle_Proximal_L", "Armature/Skeleton3D:Ring_Distal_L", "Armature/Skeleton3D:Ring_Intermediate_L", "Armature/Skeleton3D:Ring_Metacarpal_L", "Armature/Skeleton3D:Ring_Proximal_L", "Armature/Skeleton3D:Thumb_Distal_L", "Armature/Skeleton3D:Thumb_Metacarpal_L", "Armature/Skeleton3D:Thumb_Proximal_L", "Armature/Skeleton:Little_Distal_L", "Armature/Skeleton:Little_Intermediate_L", "Armature/Skeleton:Little_Proximal_L", "Armature/Skeleton:Middle_Distal_L", "Armature/Skeleton:Middle_Intermediate_L", "Armature/Skeleton:Middle_Proximal_L", "Armature/Skeleton:Ring_Distal_L", "Armature/Skeleton:Ring_Intermediate_L", "Armature/Skeleton:Ring_Proximal_L", "Armature/Skeleton:Thumb_Distal_L", "Armature/Skeleton:Thumb_Proximal_L"]

[sub_resource type="AnimationNodeAnimation" id="AnimationNodeAnimation_mr4ra"]
animation = &"Grip 5"

[sub_resource type="AnimationNodeBlend2" id="AnimationNodeBlend2_ckwio"]
filter_enabled = true
filters = ["Armature/Skeleton3D:Index_Distal_L", "Armature/Skeleton3D:Index_Intermediate_L", "Armature/Skeleton3D:Index_Metacarpal_L", "Armature/Skeleton3D:Index_Proximal_L", "Armature/Skeleton:Index_Distal_L", "Armature/Skeleton:Index_Intermediate_L", "Armature/Skeleton:Index_Proximal_L"]

[sub_resource type="AnimationNodeBlendTree" id="AnimationNodeBlendTree_vamga"]
graph_offset = Vector2(-536, 11)
nodes/ClosedHand1/node = SubResource("AnimationNodeAnimation_fdkk6")
nodes/ClosedHand1/position = Vector2(-600, 300)
nodes/ClosedHand2/node = SubResource("AnimationNodeAnimation_dm3ji")
nodes/ClosedHand2/position = Vector2(-360, 300)
nodes/Grip/node = SubResource("AnimationNodeBlend2_76pmw")
nodes/Grip/position = Vector2(0, 20)
nodes/OpenHand/node = SubResource("AnimationNodeAnimation_mr4ra")
nodes/OpenHand/position = Vector2(-600, 100)
nodes/Trigger/node = SubResource("AnimationNodeBlend2_ckwio")
nodes/Trigger/position = Vector2(-360, 20)
node_connections = [&"Grip", 0, &"Trigger", &"Grip", 1, &"ClosedHand2", &"Trigger", 0, &"OpenHand", &"Trigger", 1, &"ClosedHand1", &"output", 0, &"Grip"]

[node name="LeftPhysicsHand" type="Node3D"]
script = ExtResource("3")
bone_group = "LeftHand"
hand_blend_tree = ExtResource("7")
default_pose = ExtResource("3_t17lq")

[node name="Robot hands" parent="." instance=ExtResource("4_2batv")]
transform = Transform3D(1, 0, 0, 0, 1, 0, 0, 0, 1, -0.027, -0.051, 0.145)

[node name="Skeleton3D" parent="Robot hands/RootNode/Armature" index="0"]
bones/0/rotation = Quaternion(0.000833869, -4.60077e-13, 9.15385e-06, 1)
bones/1/rotation = Quaternion(0.323537, -2.56747e-05, -0.0272204, 0.945824)
bones/2/rotation = Quaternion(-0.0904441, -0.0415175, -0.166293, 0.981042)
bones/3/rotation = Quaternion(-0.0466199, 0.020971, 0.0103276, 0.998639)
bones/3/scale = Vector3(1, 1, 1)
bones/4/rotation = Quaternion(0.0858044, 0.0194617, -0.142216, 0.985918)
bones/4/scale = Vector3(1, 1, 1)
bones/6/rotation = Quaternion(-0.00128455, -0.0116081, -0.0168259, 0.99979)
bones/7/rotation = Quaternion(0.102925, -0.00993208, -0.00794418, 0.994608)
bones/8/rotation = Quaternion(-0.012859, -0.0236108, -0.323258, 0.945929)
bones/8/scale = Vector3(1, 1, 1)
bones/9/rotation = Quaternion(0.0120575, -0.00929194, -0.247472, 0.968775)
bones/9/scale = Vector3(1, 1, 1)
bones/10/rotation = Quaternion(-0.0072535, -0.00158136, -0.0880507, 0.996088)
bones/12/rotation = Quaternion(-0.0357539, -0.000400033, 0.00636764, 0.99934)
bones/12/scale = Vector3(1, 1, 1)
bones/13/rotation = Quaternion(-0.00264964, -0.00114471, -0.125992, 0.992027)
bones/13/scale = Vector3(1, 1, 1)
bones/14/rotation = Quaternion(0.0394225, 0.00193392, -0.228074, 0.972843)
bones/15/rotation = Quaternion(-0.0123395, -0.00881294, -0.280669, 0.959685)
bones/16/rotation = Quaternion(0.0291183, -0.00405758, -0.127043, 0.991461)
bones/16/scale = Vector3(1, 1, 1)
bones/18/rotation = Quaternion(-0.0702656, 0.0101908, -0.0243307, 0.99718)
bones/19/rotation = Quaternion(-0.0320635, -0.00223625, -0.0686366, 0.997124)
bones/20/rotation = Quaternion(0.0253452, 0.00812462, -0.249005, 0.968136)
bones/20/scale = Vector3(1, 1, 1)
bones/21/rotation = Quaternion(0.00252232, 0.00788073, -0.243204, 0.96994)
bones/21/scale = Vector3(1, 1, 1)
bones/22/rotation = Quaternion(0.0221284, -0.00910836, -0.119091, 0.992595)
bones/22/scale = Vector3(1, 1, 1)
bones/24/rotation = Quaternion(-0.0917369, 0.0203027, -0.010183, 0.995524)
bones/25/rotation = Quaternion(-0.0625182, -0.000225721, -0.115393, 0.991351)
bones/26/rotation = Quaternion(0.0585786, 0.0216483, -0.269905, 0.96086)
bones/26/scale = Vector3(1, 1, 1)
bones/27/rotation = Quaternion(0.00687177, -0.00357275, -0.211953, 0.977249)
bones/27/scale = Vector3(1, 1, 1)
bones/28/rotation = Quaternion(0.059822, -0.0162451, -0.0184724, 0.997906)
bones/30/rotation = Quaternion(0.706524, -6.48886e-06, -8.69083e-06, 0.707689)
bones/30/scale = Vector3(1, 1, 1)

[node name="AnimationPlayer" parent="Robot hands/RootNode" index="1" instance=ExtResource("1")]

[node name="Hand_Nails_low_L" parent="." instance=ExtResource("2")]
transform = Transform3D(1, 0, 0, 0, 1, 0, 0, 0, 1, -0.03, -0.05, 0.15)
visible = false

[node name="Skeleton3D" parent="Hand_Nails_low_L/Armature" index="0"]
bones/0/rotation = Quaternion(-0.706517, 6.47275e-06, 6.47275e-06, 0.707696)
bones/0/scale = Vector3(1, 1, 1)
bones/1/rotation = Quaternion(0.192491, 0.247746, -0.357457, 0.879656)
bones/2/rotation = Quaternion(-0.100284, 0.102142, -0.176452, 0.973845)
bones/3/rotation = Quaternion(-0.137954, 0.0303333, 0.00695325, 0.98995)
bones/4/rotation = Quaternion(-0.0757687, -0.019257, -0.0337124, 0.996369)
bones/4/scale = Vector3(1, 1, 1)
bones/5/rotation = Quaternion(-0.00128455, -0.0116081, -0.0168259, 0.99979)
bones/5/scale = Vector3(1, 1, 1)
bones/6/rotation = Quaternion(0.00711634, -0.0337917, -0.165007, 0.985688)
bones/7/rotation = Quaternion(-0.0120368, -0.0225057, -0.399234, 0.916494)
bones/7/scale = Vector3(1, 1, 1)
bones/8/rotation = Quaternion(0.00994455, -0.00672798, -0.347432, 0.937629)
bones/9/rotation = Quaternion(-0.0522884, -0.000557213, 0.103621, 0.993241)
bones/10/rotation = Quaternion(-0.0357539, -0.000400032, 0.00636764, 0.99934)
bones/11/rotation = Quaternion(0.0481069, 0.00727641, -0.271832, 0.961114)
bones/12/rotation = Quaternion(0.0397854, -0.00340259, -0.347683, 0.936762)
bones/13/rotation = Quaternion(-0.0107468, -0.016607, -0.379468, 0.924993)
bones/14/rotation = Quaternion(0.0136882, 7.99237e-05, 0.168411, 0.985622)
bones/14/scale = Vector3(1, 1, 1)
bones/15/rotation = Quaternion(-0.0702656, 0.0101908, -0.0243307, 0.99718)
bones/16/rotation = Quaternion(0.0701766, 0.0202722, -0.209426, 0.975092)
bones/16/scale = Vector3(1, 1, 1)
bones/17/rotation = Quaternion(0.0316914, 0.00188087, -0.284036, 0.958288)
bones/17/scale = Vector3(1, 1, 1)
bones/18/rotation = Quaternion(0.0151092, 0.00348102, -0.341583, 0.939724)
bones/18/scale = Vector3(1, 1, 1)
bones/19/rotation = Quaternion(0.0330517, -0.00671975, 0.126351, 0.991412)
bones/19/scale = Vector3(1, 1, 1)
bones/20/rotation = Quaternion(-0.0917369, 0.0203027, -0.010183, 0.995524)
bones/20/scale = Vector3(1, 1, 1)
bones/21/rotation = Quaternion(0.0540152, -0.0194287, -0.042997, 0.997425)
bones/21/scale = Vector3(1, 1, 1)
bones/22/rotation = Quaternion(0.0702765, 0.0116272, -0.343224, 0.936549)
bones/23/rotation = Quaternion(0.0293516, -0.0171316, -0.304623, 0.951866)
bones/23/scale = Vector3(1, 1, 1)
bones/24/rotation = Quaternion(0.0158363, -0.0193397, 0.153777, 0.987789)

[node name="mesh_Hand_Nails_low_L" parent="Hand_Nails_low_L/Armature/Skeleton3D" index="0"]
surface_material_override/0 = ExtResource("5")

[node name="BoneRoot" type="BoneAttachment3D" parent="Hand_Nails_low_L/Armature/Skeleton3D" index="1"]
transform = Transform3D(1, -1.83077e-05, 1.52631e-08, 1.52631e-08, 0.00166744, 0.999999, -1.83077e-05, -0.999999, 0.00166744, 3.86425e-08, -1.86975e-05, 0.0271756)
bone_name = "Wrist_L"
bone_idx = 0
script = ExtResource("4")
width_ratio = 0.8

[node name="BoneThumbMetacarpal" type="BoneAttachment3D" parent="Hand_Nails_low_L/Armature/Skeleton3D" index="2"]
transform = Transform3D(0.621703, 0.724243, 0.298257, -0.574365, 0.162652, 0.802277, 0.532532, -0.670087, 0.517101, 0.00999954, 0.0200266, 3.59248e-05)
bone_name = "Thumb_Metacarpal_L"
bone_idx = 1
script = ExtResource("4")
length = 0.05

[node name="BoneThumbProximal" type="BoneAttachment3D" parent="Hand_Nails_low_L/Armature/Skeleton3D" index="3"]
transform = Transform3D(0.257496, 0.796496, 0.547074, -0.717059, -0.221998, 0.660715, 0.647706, -0.562415, 0.513971, 0.04253, 0.0273323, -0.030062)
bone_name = "Thumb_Proximal_L"
bone_idx = 2
script = ExtResource("4")

[node name="BoneThumbDistal" type="BoneAttachment3D" parent="Hand_Nails_low_L/Armature/Skeleton3D" index="4"]
transform = Transform3D(0.227391, 0.611208, 0.758101, -0.757816, -0.377839, 0.531933, 0.611562, -0.695458, 0.377266, 0.0761006, 0.0179756, -0.0537666)
bone_name = "Thumb_Distal_L"
bone_idx = 3
script = ExtResource("4")
length = 0.02

[node name="BoneIndexMetacarpal" type="BoneAttachment3D" parent="Hand_Nails_low_L/Armature/Skeleton3D" index="5"]
transform = Transform3D(0.999165, 0.0336563, -0.0231681, 0.0231985, -0.000511434, 0.999731, 0.0336354, -0.999433, -0.00129178, -0.0100005, 0.0224317, 3.59192e-05)
bone_name = "Index_Metacarpal_L"
bone_idx = 5
script = ExtResource("4")
length = 0.08
width_ratio = 0.2

[node name="BoneIndexProximal" type="BoneAttachment3D" parent="Hand_Nails_low_L/Armature/Skeleton3D" index="6"]
transform = Transform3D(0.930021, 0.355775, -0.0921167, 0.0862992, 0.0322255, 0.995748, 0.357231, -0.934016, -0.000732734, -0.00729559, 0.0223906, -0.0802861)
bone_name = "Index_Proximal_L"
bone_idx = 6
script = ExtResource("4")

[node name="BoneIndexMiddle" type="BoneAttachment3D" parent="Hand_Nails_low_L/Armature/Skeleton3D" index="7"]
transform = Transform3D(0.367765, 0.923721, -0.107181, 0.0857842, 0.0810673, 0.99301, 0.925953, -0.374389, -0.049427, 0.00626526, 0.0236189, -0.115887)
bone_name = "Index_Intermediate_L"
bone_idx = 7
script = ExtResource("4")
length = 0.025
bone_group = "IndexFinger"

[node name="BoneIndexDistal" type="BoneAttachment3D" parent="Hand_Nails_low_L/Armature/Skeleton3D" index="8"]
transform = Transform3D(-0.323615, 0.937595, -0.127239, 0.0179052, 0.14052, 0.989916, 0.94602, 0.318073, -0.0622621, 0.0352199, 0.0261601, -0.127623)
bone_name = "Index_Distal_L"
bone_idx = 8
script = ExtResource("4")
length = 0.02
bone_group = "IndexFinger"

[node name="BoneMiddleMetacarpal" type="BoneAttachment3D" parent="Hand_Nails_low_L/Armature/Skeleton3D" index="9"]
transform = Transform3D(0.999918, -0.0127165, -0.00125617, 0.000365484, -0.0698026, 0.997561, -0.0127732, -0.99748, -0.0697922, -0.0100005, 0.00355415, 3.59267e-05)
bone_name = "Middle_Metacarpal_L"
bone_idx = 10
script = ExtResource("4")
length = 0.08
width_ratio = 0.2

[node name="BoneMiddleProximal" type="BoneAttachment3D" parent="Hand_Nails_low_L/Armature/Skeleton3D" index="10"]
transform = Transform3D(0.858725, 0.512291, -0.0121901, -0.00330697, 0.0293281, 0.999564, 0.512425, -0.858311, 0.0268789, -0.0110237, -0.00206239, -0.0802245)
bone_name = "Middle_Proximal_L"
bone_idx = 11
script = ExtResource("4")

[node name="BoneMiddleMiddle" type="BoneAttachment3D" parent="Hand_Nails_low_L/Armature/Skeleton3D" index="11"]
transform = Transform3D(0.317513, 0.945011, -0.0783559, -0.0429007, 0.0968628, 0.994373, 0.947283, -0.312365, 0.0712968, 0.0120311, -0.000742527, -0.118851)
bone_name = "Middle_Intermediate_L"
bone_idx = 12
script = ExtResource("4")
length = 0.025

[node name="BoneMiddleDistal" type="BoneAttachment3D" parent="Hand_Nails_low_L/Armature/Skeleton3D" index="12"]
transform = Transform3D(-0.440221, 0.896218, -0.0547609, -0.0598261, 0.0315758, 0.997709, 0.895894, 0.442488, 0.0397169, 0.0426653, 0.00239744, -0.128977)
bone_name = "Middle_Distal_L"
bone_idx = 13
script = ExtResource("4")
length = 0.02

[node name="BoneRingMetacarpal" type="BoneAttachment3D" parent="Hand_Nails_low_L/Armature/Skeleton3D" index="13"]
transform = Transform3D(0.998609, 0.0470739, 0.0237408, -0.0169881, -0.138981, 0.990149, 0.0499097, -0.989175, -0.137988, -0.0100005, -0.0130734, 3.59323e-05)
bone_name = "Ring_Metacarpal_L"
bone_idx = 15
script = ExtResource("4")
length = 0.07
width_ratio = 0.2

[node name="BoneRingProximal" type="BoneAttachment3D" parent="Hand_Nails_low_L/Armature/Skeleton3D" index="14"]
transform = Transform3D(0.889464, 0.456221, 0.0267721, -0.0273659, -0.00530609, 0.999611, 0.456186, -0.88985, 0.00776529, -0.00651963, -0.0233503, -0.0731075)
bone_name = "Ring_Proximal_L"
bone_idx = 16
script = ExtResource("4")
length = 0.028

[node name="BoneRingMiddle" type="BoneAttachment3D" parent="Hand_Nails_low_L/Armature/Skeleton3D" index="15"]
transform = Transform3D(0.497059, 0.867599, -0.0142863, -0.0416617, 0.0403074, 0.998318, 0.866716, -0.495628, 0.0561808, 0.0117891, -0.0235632, -0.108818)
bone_name = "Ring_Intermediate_L"
bone_idx = 17
script = ExtResource("4")
length = 0.025

[node name="BoneRingDistal" type="BoneAttachment3D" parent="Hand_Nails_low_L/Armature/Skeleton3D" index="16"]
transform = Transform3D(-0.1756, 0.983528, -0.0428586, -0.0746473, 0.0301074, 0.996755, 0.981627, 0.17823, 0.0681308, 0.0359062, -0.0224428, -0.122596)
bone_name = "Ring_Distal_L"
bone_idx = 18
script = ExtResource("4")
length = 0.02

[node name="BonePinkyMetacarpal" type="BoneAttachment3D" parent="Hand_Nails_low_L/Armature/Skeleton3D" index="17"]
transform = Transform3D(0.998969, 0.0165318, 0.0422887, -0.0385953, -0.181427, 0.982647, 0.0239173, -0.983265, -0.180602, -4.58211e-07, -0.0299734, 3.59379e-05)
bone_name = "Little_Metacarpal_L"
bone_idx = 20
script = ExtResource("4")
length = 0.07
width_ratio = 0.18

[node name="BonePinkyProximal" type="BoneAttachment3D" parent="Hand_Nails_low_L/Armature/Skeleton3D" index="18"]
transform = Transform3D(0.994511, 0.104589, -0.00310129, 0.0110392, -0.0754027, 0.997092, 0.104051, -0.991653, -0.0761433, 0.00108587, -0.0418952, -0.0645756)
bone_name = "Little_Proximal_L"
bone_idx = 21
script = ExtResource("4")
length = 0.02

[node name="BonePinkyMiddle" type="BoneAttachment3D" parent="Hand_Nails_low_L/Armature/Skeleton3D" index="19"]
transform = Transform3D(0.693079, 0.719518, -0.0439891, -0.0130286, 0.073516, 0.997209, 0.720744, -0.690571, 0.0603267, 0.00455022, -0.0443928, -0.0974227)
bone_name = "Little_Intermediate_L"
bone_idx = 22
script = ExtResource("4")
length = 0.015

[node name="BonePinkyDistal" type="BoneAttachment3D" parent="Hand_Nails_low_L/Armature/Skeleton3D" index="20"]
transform = Transform3D(0.145407, 0.98306, -0.111581, -0.0386198, 0.118333, 0.992223, 0.988618, -0.139967, 0.0551721, 0.0175191, -0.0430677, -0.10987)
bone_name = "Little_Distal_L"
bone_idx = 23
script = ExtResource("4")
length = 0.015

[node name="AnimationPlayer" parent="Hand_Nails_low_L/Armature" index="1" instance=ExtResource("1")]
root_node = NodePath("../..")

[node name="AnimationTree" type="AnimationTree" parent="."]
root_node = NodePath("../Robot hands/RootNode")
tree_root = SubResource("AnimationNodeBlendTree_vamga")
anim_player = NodePath("../Robot hands/RootNode/AnimationPlayer")
parameters/Grip/blend_amount = 0.0
parameters/Trigger/blend_amount = 0.0

[editable path="Robot hands"]
[editable path="Hand_Nails_low_L"]
